7630
7480
5640
4200
4140
3770
3250
3180
3010
2860
1630
1590
1590
1570
1550
1530
1510
1510
1500
1490
1490
1480
1470
1430
1420
1420
1420
1400
1400
1390
1390
1380
1370
1370
1370
1360
1350
1340
1340
1330
1330
1320
1320
1320
1300
1300
1250
1250
1230
1230
1220
1210
1200
1160
1150
1130
1130
1130
1120
1100
1100
1100
1090
1080
1080
1080
1020
1020
990
970
960
940
940
920
910
870
860
840
830
830
810
790
770
740
710
710
670
630
590
560
530
470
470
470
420
410
390
350
340
310
280
270
160
70
60
15
90
